positives/P1010001.jpg 1 217 331 186 38
positives/P1010002.jpg 1 205 260 217 55
positives/P1010003.jpg 1 197 230 238 61
positives/P1010004.jpg 1 196 243 240 63
positives/P1010005.jpg 1 198 243 256 70
positives/P1010006.jpg 1 213 272 270 59
positives/P1010007.jpg 1 205 204 196 77
positives/P1010008.jpg 1 178 239 289 66
positives/P1010009.jpg 1 206 284 225 56
positives/P1010010.jpg 1 197 305 222 56
positives/P1010011.jpg 1 187 301 274 69
positives/P1010012.jpg 1 216 334 204 52
positives/P1010013.jpg 1 244 248 146 114
positives/P1010014.jpg 1 283 210 146 117
positives/P1010015.jpg 1 200 382 255 47
positives/P1010016.jpg 1 211 350 229 55
positives/P1010017.jpg 1 250 246 210 59
positives/P1010018.jpg 1 142 331 175 45
positives/P1010019.jpg 1 275 397 187 44
positives/P1010020.jpg 1 231 291 233 64
positives/P1010021.jpg 1 220 323 206 43
positives/P1010022.jpg 1 276 242 220 70
positives/P1010023.jpg 1 97 313 193 61
positives/P1010024.jpg 1 170 268 264 68
positives/P1010025.jpg 1 219 358 204 59
positives/P1010026.jpg 1 141 293 273 65
positives/P1010027.jpg 1 206 332 242 62
positives/P1010028.jpg 1 209 279 265 66
positives/P1010029.jpg 1 181 240 279 73
positives/P1010030.jpg 1 150 283 226 63
positives/P1010031.jpg 1 202 220 250 67
positives/P1010032.jpg 1 208 269 228 62
positives/P1010033.jpg 1 218 302 230 53
positives/P1010034.jpg 1 190 299 264 58
positives/P1010035.jpg 1 206 254 236 51
positives/P1010036.jpg 1 216 259 225 60
positives/P1010037.jpg 1 219 266 233 64
positives/P1010038.jpg 1 259 270 196 60
positives/P1010039.jpg 1 207 290 240 55
positives/P1010040.jpg 1 217 330 243 52
positives/P1010041.jpg 1 239 321 274 59
positives/P1010042.jpg 1 199 228 273 62
positives/P1010043.jpg 1 202 286 257 57
positives/P1010044.jpg 1 217 269 226 58
positives/P1010045.jpg 1 197 359 270 61
positives/P1010046.jpg 1 211 233 278 62
positives/P1010047.jpg 1 254 261 209 56
positives/P1010048.jpg 1 215 342 230 57
positives/P1010049.jpg 1 226 295 216 53
positives/P1010050.jpg 1 192 296 270 60
positives/P1010051.jpg 1 204 261 252 63
positives/P1010052.jpg 1 210 319 227 53
positives/P1010053.jpg 1 204 250 256 59
positives/P5280000.jpg 1 253 368 131 29
positives/P5280001.jpg 1 264 368 119 32
positives/P5280002.jpg 1 256 334 120 30
positives/P5280003.jpg 1 266 369 124 27
positives/P5280004.jpg 1 265 333 119 26
positives/P5280005.jpg 1 115 370 122 32
positives/P5280006.jpg 1 263 391 112 25
positives/P5280007.jpg 1 44 287 131 36
positives/P5280008.jpg 1 49 342 121 30
positives/P5280009.jpg 1 96 361 64 48
positives/P5280010.jpg 1 207 406 124 28
positives/P5280011.jpg 1 84 365 60 42
positives/P5280012.jpg 1 268 387 123 23
positives/P5280013.jpg 1 79 379 115 28
positives/P5280014.jpg 1 48 370 113 28
positives/P5280015.jpg 1 263 352 115 26
positives/P5280016.jpg 1 263 313 122 23
positives/P5280017.jpg 1 280 406 117 22
positives/P5280018.jpg 1 264 336 128 28
positives/P5280019.jpg 1 266 289 131 29
positives/P5280020.jpg 1 196 290 230 39
positives/P5280021.jpg 1 257 368 142 37
positives/P5280022.jpg 1 251 323 144 38
positives/P5280023.jpg 1 196 284 234 53
positives/P5280024.jpg 1 205 268 234 53
positives/P5280025.jpg 1 212 240 217 60
positives/P5280026.jpg 1 222 291 232 47
positives/P5280027.jpg 1 215 287 223 45
positives/P5280028.jpg 1 214 231 229 58
positives/P5280029.jpg 1 198 254 243 55
positives/P5280030.jpg 1 215 380 212 45
positives/P5280031.jpg 1 223 318 220 47
positives/P5280032.jpg 1 215 271 220 55
positives/P5280033.jpg 1 212 269 224 52
positives/P5280034.jpg 1 208 267 235 50
positives/P5280035.jpg 1 221 303 197 43
positives/P5280036.jpg 1 225 298 207 45
positives/P5280037.jpg 1 227 305 212 45
positives/P5280038.jpg 1 203 301 228 45
positives/P5280039.jpg 1 204 309 243 45
positives/P5280040.jpg 1 207 279 238 46
positives/P5280041.jpg 1 217 344 220 46
positives/P5280042.jpg 1 215 267 215 48
positives/P5280043.jpg 1 214 283 221 51
positives/P5280044.jpg 1 189 285 257 56
positives/P5280045.jpg 1 234 372 158 30
positives/P5280046.jpg 1 200 291 239 53
positives/P5280047.jpg 1 266 257 129 94
positives/P5280048.jpg 1 211 282 220 46
positives/P5280049.jpg 1 189 276 241 55
positives/P5280050.jpg 1 235 303 215 53
positives/P5280051.jpg 1 206 379 231 48
positives/P5280052.jpg 1 205 296 216 48
positives/P5280053.jpg 1 217 243 224 52
positives/P5280054.jpg 1 216 338 228 38
positives/P5280055.jpg 1 217 304 223 43
positives/P5280056.jpg 1 208 391 223 44
positives/P5280057.jpg 1 220 323 233 51
positives/P5280058.jpg 1 219 309 236 53
positives/P5280059.jpg 1 221 372 208 47
positives/P5280060.jpg 1 201 240 246 61
positives/P5280061.jpg 1 212 399 219 50
positives/P5280062.jpg 1 206 306 226 52
positives/P5280063.jpg 1 216 373 227 42
positives/P5280064.jpg 1 212 304 239 54
positives/P5280065.jpg 1 229 281 216 57
positives/P5280066.jpg 1 218 222 218 54
positives/P5280067.jpg 1 203 295 249 55
positives/P5280068.jpg 1 202 284 219 56
positives/P5280069.jpg 1 207 299 235 57
positives/P5280070.jpg 1 269 279 131 93
positives/P5280071.jpg 1 200 276 252 56
positives/P5280072.jpg 1 207 356 227 53
positives/P5280073.jpg 1 210 268 247 61
positives/P5280074.jpg 1 205 267 229 58
positives/P5280075.jpg 1 202 363 235 46
positives/P5280076.jpg 1 206 297 251 59
positives/P5280077.jpg 1 257 264 140 103
positives/P5280079.jpg 1 213 345 226 61
positives/P5280080.jpg 1 219 304 228 49
positives/P5280081.jpg 1 258 281 136 93
positives/P5280082.jpg 1 199 293 251 53
positives/P5280083.jpg 1 207 376 231 47
positives/P5280084.jpg 1 209 253 241 58
positives/P5280085.jpg 1 184 272 248 54
positives/P5280086.jpg 1 213 275 245 61
positives/P5280087.jpg 1 199 325 253 60
positives/P5280088.jpg 1 212 255 242 58
positives/P5280089.jpg 1 208 270 245 59
positives/P5280090.jpg 1 195 285 236 50
positives/P5280091.jpg 1 201 245 260 67
positives/P5280092.jpg 1 206 265 237 51
positives/P5280093.jpg 1 203 280 243 53
positives/P5280094.jpg 1 199 309 248 52
positives/P5280095.jpg 1 205 302 247 56
positives/P5280096.jpg 1 256 299 122 75
positives/P5280097.jpg 1 211 292 214 39
positives/P5280098.jpg 1 224 305 219 41
positives/P5280099.jpg 1 209 269 238 46
positives/P5280100.jpg 1 219 412 214 40
positives/P5280101.jpg 1 205 267 224 48
positives/P5280102.jpg 1 197 282 241 45
positives/P5280103.jpg 1 201 284 241 56
positives/P5280104.jpg 1 192 298 257 50
positives/P5280105.jpg 1 210 255 239 59
positives/P5280106.jpg 1 205 281 212 55
positives/P5280107.jpg 1 213 309 240 55
positives/P5280108.jpg 1 218 323 223 49
positives/P5280109.jpg 1 215 292 241 51
positives/P5280110.jpg 1 221 256 224 55
positives/P5280111.jpg 1 214 265 239 53
positives/P5280112.jpg 1 287 341 117 78
positives/P5280113.jpg 1 199 276 247 61
positives/P5280114.jpg 1 198 266 239 50
positives/P5280115.jpg 1 213 269 234 54
positives/P5280116.jpg 1 214 274 234 55
positives/P5280117.jpg 1 242 242 157 43
positives/P5280118.jpg 1 214 235 225 54
positives/P5280119.jpg 1 213 367 227 52
positives/P5280120.jpg 1 203 312 229 53
positives/P5280121.jpg 1 218 285 235 47
positives/P5280122.jpg 1 245 230 225 63
positives/P5280123.jpg 1 206 248 236 59
positives/P5280124.jpg 1 212 250 224 61
positives/P5280125.jpg 1 251 233 145 103
positives/P6040007.jpg 1 219 280 206 47
positives/P6040008.jpg 1 213 338 225 54
positives/P6040009.jpg 1 251 302 106 69
positives/P6040010.jpg 1 260 301 106 68
positives/P6040011.jpg 1 179 330 222 55
positives/P6040012.jpg 1 198 330 202 52
positives/P6040013.jpg 1 190 317 241 50
positives/P6040014.jpg 1 199 372 194 43
positives/P6040015.jpg 1 190 279 209 51
positives/P6040016.jpg 1 180 278 216 63
positives/P6040017.jpg 1 188 268 210 55
positives/P6040018.jpg 1 187 333 226 44
positives/P6040019.jpg 1 232 278 117 86
positives/P6040020.jpg 1 209 278 207 58
positives/P6040021.jpg 1 203 301 228 50
positives/P6040022.jpg 1 245 295 125 85
positives/P6040023.jpg 1 202 307 222 53
positives/P6040024.jpg 1 179 300 229 59
positives/P6040025.jpg 1 228 254 197 55
positives/P6040026.jpg 1 214 302 218 46
positives/P6040027.jpg 1 183 337 225 45
positives/P6040028.jpg 1 188 259 196 57
positives/P6040029.jpg 1 216 283 216 55
positives/P6040030.jpg 1 171 320 206 48
positives/P6040031.jpg 1 203 397 208 44
positives/P6040032.jpg 1 213 308 217 33
positives/P6040033.jpg 1 232 323 197 43
positives/P6040034.jpg 1 234 350 111 83
positives/P6040035.jpg 1 205 382 214 47
positives/P6040036.jpg 1 209 357 214 52
positives/P6040037.jpg 1 219 382 209 48
positives/P6040038.jpg 1 196 260 244 56
positives/P6040039.jpg 1 203 263 231 45
positives/P6040040.jpg 1 197 251 245 57
positives/P6040041.jpg 1 199 269 227 59
positives/P6040042.jpg 1 218 401 212 50
positives/P6040043.jpg 1 214 367 210 41
positives/P6040044.jpg 1 254 275 125 84
positives/P6040045.jpg 1 237 259 204 64
positives/P6040046.jpg 1 196 353 209 55
positives/P6040047.jpg 1 196 270 239 58
positives/P6040048.jpg 1 201 267 271 61
positives/P6040049.jpg 1 223 286 261 75
positives/P6040050.jpg 1 190 282 236 55
positives/P6040051.jpg 1 198 286 220 52
positives/P6040052.jpg 1 203 258 207 52
positives/P6040053.jpg 1 219 421 187 32
positives/P6040054.jpg 1 229 288 184 42
positives/P6040055.jpg 1 196 293 186 38
positives/P6040056.jpg 1 203 357 186 42
positives/P6040057.jpg 1 203 249 192 43
positives/P6040058.jpg 1 216 251 206 43
positives/P6040059.jpg 1 172 278 207 41
positives/P6040060.jpg 1 212 297 212 51
positives/P6040061.jpg 1 195 273 216 41
positives/P6040062.jpg 1 201 289 208 47
positives/P6040063.jpg 1 230 364 196 42
positives/P6040064.jpg 1 201 294 236 37
positives/P6040065.jpg 1 218 232 195 42
positives/P6040066.jpg 1 224 365 186 36
positives/P6040067.jpg 1 163 289 91 60
positives/P6040068.jpg 1 195 250 238 50
positives/P6040069.jpg 1 159 330 236 47
positives/P6040070.jpg 1 134 300 167 41
positives/P6040071.jpg 1 248 361 93 60
positives/P6040072.jpg 1 217 261 206 49
positives/P6070001.jpg 1 210 254 242 56
positives/P6070002.jpg 1 212 395 228 46
positives/P6070003.jpg 1 206 382 241 56
positives/P6070004.jpg 1 232 275 242 57
positives/P6070005.jpg 1 217 264 246 55
positives/P6070006.jpg 1 197 282 253 60
positives/P6070007.jpg 1 204 266 253 64
positives/P6070008.jpg 1 197 278 248 50
positives/P6070009.jpg 1 136 356 195 49
positives/P6070010.jpg 1 197 269 241 57
positives/P6070011.jpg 1 210 287 252 50
positives/P6070012.jpg 1 210 312 226 44
positives/P6070013.jpg 1 196 259 245 62
positives/P6070014.jpg 1 207 293 224 45
positives/P6070015.jpg 1 200 303 252 48
positives/P6070016.jpg 1 201 281 243 59
positives/P6070017.jpg 1 215 237 239 55
positives/P6070018.jpg 1 194 235 255 48
positives/P6070019.jpg 1 213 331 245 47
positives/P6070020.jpg 1 206 287 238 44
positives/P6070021.jpg 1 205 267 239 55
positives/P6070022.jpg 1 203 383 229 46
positives/P6070023.jpg 1 110 324 193 32
positives/P6070024.jpg 1 121 324 165 44
positives/P6070025.jpg 1 203 265 255 57
positives/P6070026.jpg 1 266 267 138 107
positives/P6070027.jpg 1 204 249 236 55
positives/P6070028.jpg 1 212 389 217 42
positives/P6070029.jpg 1 203 293 235 65
positives/P6070030.jpg 1 258 282 145 103
positives/P6070031.jpg 1 202 267 250 63
positives/P6070032.jpg 1 195 260 254 69
positives/P6070033.jpg 1 215 374 225 59
positives/P6070034.jpg 1 208 245 246 63
positives/P6070035.jpg 1 209 291 240 57
positives/P6070036.jpg 1 198 275 254 58
positives/P6070037.jpg 1 203 284 231 54
positives/P6070038.jpg 1 198 268 240 56
positives/P6070039.jpg 1 195 263 255 55
positives/P6070040.jpg 1 203 364 248 47
positives/P6070041.jpg 1 204 356 252 59
positives/P6070042.jpg 1 203 388 248 60
positives/P6070043.jpg 1 204 380 236 60
positives/P6070044.jpg 1 211 266 240 75
positives/P6070045.jpg 1 240 293 256 60
positives/P6070046.jpg 1 182 263 274 63
positives/P6070047.jpg 1 200 239 266 72
positives/P6070048.jpg 1 212 273 279 78
positives/P6070049.jpg 1 230 272 255 66
positives/P6070050.jpg 1 253 255 141 96
positives/P6070051.jpg 1 203 359 256 50
positives/P6070052.jpg 1 209 262 259 59
positives/P6070053.jpg 1 201 251 240 52
positives/P6070054.jpg 1 208 301 250 52
positives/P6070055.jpg 1 204 253 239 55
positives/P6070056.jpg 1 214 303 233 52
positives/P6070057.jpg 1 212 258 244 63
positives/P6070058.jpg 1 206 257 251 57
positives/P6070059.jpg 1 207 257 246 55
positives/P6070060.jpg 1 202 403 239 47
positives/P6070061.jpg 1 197 407 246 50
positives/P6070062.jpg 1 210 292 234 59
positives/P6070063.jpg 1 189 372 259 58
positives/P6070064.jpg 1 196 239 263 63
positives/P6070065.jpg 1 209 273 223 50
positives/P6070066.jpg 1 194 247 258 67
positives/P6070067.jpg 1 206 271 247 61
positives/P6070068.jpg 1 195 283 262 64
positives/P6070069.jpg 1 195 256 268 67
positives/P6070070.jpg 1 189 265 277 68
positives/P6070071.jpg 1 190 410 254 55
positives/P6070072.jpg 1 197 383 242 47
positives/P6070073.jpg 1 181 283 250 61
positives/P6070074.jpg 1 192 293 267 55
positives/P6070075.jpg 1 209 269 258 60
positives/P6070076.jpg 1 262 367 124 31
positives/P6070077.jpg 1 229 298 204 49
positives/P6070078.jpg 1 224 259 263 60
positives/P6070079.jpg 1 170 254 243 61
positives/P6070080.jpg 1 212 230 248 59
positives/P6070081.jpg 1 219 296 249 48
positives/P6070082.jpg 1 201 278 236 61
positives/P6070083.jpg 1 190 242 272 57
positives/P6070084.jpg 1 199 296 253 55
positives/P6070085.jpg 1 197 263 250 68
positives/P6070086.jpg 1 207 265 250 56
positives/P6070087.jpg 1 201 259 253 62
positives/P6070088.jpg 1 220 296 243 54
positives/P6070089.jpg 1 211 262 249 63
positives/P6070090.jpg 1 205 254 251 47
positives/P6070091.jpg 1 217 252 236 54
positives/P6070092.jpg 1 190 260 242 54
positives/P6070093.jpg 1 265 248 154 117
positives/P6070094.jpg 1 202 257 256 66
positives/P6070095.jpg 1 201 303 248 61
positives/P6070096.jpg 1 227 386 223 47
positives/P6070097.jpg 1 222 271 236 57
positives/P6070098.jpg 1 188 279 263 55
positives/P6070099.jpg 1 193 265 263 61
positives/P6070100.jpg 1 202 288 246 58
positives/P6070101.jpg 1 196 263 263 67
positives/P9170008.jpg 1 342 581 329 78
positives/P9170009.jpg 1 350 442 341 82
positives/P9170010.jpg 1 386 351 200 48
positives/P9170011.jpg 1 365 363 252 65
positives/P9170012.jpg 1 362 588 300 60
positives/P9170013.jpg 1 358 341 302 84
positives/P9170014.jpg 1 311 383 378 91
positives/P9170015.jpg 1 316 568 319 71
positives/P9170016.jpg 1 304 402 371 91
positives/P9170017.jpg 1 395 402 278 51
positives/P9170018.jpg 1 358 584 316 73
positives/P9170019.jpg 1 320 348 340 85
positives/P9170020.jpg 1 213 568 224 55
positives/P9170021.jpg 1 330 481 243 61
positives/P9170022.jpg 1 359 417 292 59
positives/P9170023.jpg 1 381 381 262 68
positives/P9170024.jpg 1 275 304 317 135
positives/P9170025.jpg 1 375 471 292 76
positives/P9170026.jpg 1 372 374 286 78
positives/P9170027.jpg 1 351 381 286 69
positives/P9170028.jpg 1 340 379 308 83
positives/P9170030.jpg 1 356 371 302 67
positives/P9170031.jpg 1 363 351 292 70
positives/P9170032.jpg 1 571 646 395 94
positives/P9170033.jpg 1 566 889 492 106
positives/P9170034.jpg 1 638 667 523 188
positives/P9170035.jpg 1 577 652 492 128
positives/P9170036.jpg 1 608 940 428 82
positives/P9170037.jpg 1 477 588 512 160
positives/P9170038.jpg 1 409 601 492 172
positives/P9170039.jpg 1 213 289 217 53
positives/P9170040.jpg 1 211 243 200 52
positives/P9170041.jpg 1 200 312 219 52
positives/P9170042.jpg 1 122 293 175 45
positives/P9170043.jpg 1 211 275 175 39
positives/P9170044.jpg 1 210 362 211 47
positives/P9170045.jpg 1 239 293 135 33
positives/P9170046.jpg 1 394 301 352 106
positives/P9170047.jpg 1 359 369 281 88
positives/P9170048.jpg 1 353 400 310 76
positives/P9170049.jpg 1 222 227 200 38
positives/P9170050.jpg 1 153 366 164 44
positives/P9170051.jpg 1 227 235 172 40
positives/P9170052.jpg 1 230 250 179 41
positives/P9170053.jpg 1 221 341 189 44
positives/P9170054.jpg 1 320 567 336 74
positives/P9180001.jpg 1 223 315 207 41
positives/P9180002.jpg 1 237 276 149 59
positives/P9180003.jpg 1 242 272 170 38
positives/P9180004.jpg 1 207 406 201 34
positives/P9180005.jpg 1 262 256 120 80
positives/P9180006.jpg 1 221 295 160 54
positives/P9180007.jpg 1 188 359 196 46
positives/P9180008.jpg 1 266 275 181 67
positives/P9180009.jpg 1 291 368 145 70
positives/P9180010.jpg 1 229 227 183 45
positives/P9180011.jpg 1 245 339 125 31
positives/P9180012.jpg 1 150 331 110 37
positives/P9180013.jpg 1 226 269 186 49
positives/P9180014.jpg 1 164 317 146 32
positives/P9180015.jpg 1 217 261 203 48
positives/P9180016.jpg 1 231 270 179 63
positives/P9180017.jpg 1 236 262 197 49
positives/P9180018.jpg 1 217 331 221 50
positives/P9180019.jpg 1 205 287 173 89
positives/P9180020.jpg 1 220 268 210 56
positives/P9180021.jpg 1 225 290 185 50
positives/P9180022.jpg 1 256 232 144 44
positives/P9180023.jpg 1 212 274 220 42
positives/P9180024.jpg 1 251 346 137 39
positives/P9180025.jpg 1 221 282 205 46
positives/P9180026.jpg 1 236 346 171 35
positives/P9180027.jpg 1 219 291 184 64
positives/P9180028.jpg 1 214 358 166 63
positives/P9180029.jpg 1 292 221 163 64
positives/P9180030.jpg 1 248 240 169 63
positives/P9180031.jpg 1 210 252 179 65
positives/P9180032.jpg 1 266 300 169 37
positives/P9180033.jpg 1 212 304 199 43
positives/P9180034.jpg 1 236 315 186 35
positives/P9180035.jpg 1 222 386 192 37
positives/P9180036.jpg 1 228 305 188 40
positives/P9180037.jpg 1 303 206 162 73
positives/P9180038.jpg 1 283 328 114 48
positives/P9180039.jpg 1 180 396 99 30
positives/P9180040.jpg 1 179 348 143 30
positives/P9180041.jpg 1 244 356 154 37
positives/P9180042.jpg 1 193 262 189 53
positives/P9180043.jpg 1 242 285 162 33
positives/P9180044.jpg 1 200 283 188 42
positives/P9180045.jpg 1 205 298 219 35
positives/P9180046.jpg 1 161 320 278 47
positives/P9180047.jpg 1 182 257 185 68
positives/P9180048.jpg 1 214 224 133 66
positives/P9180049.jpg 1 192 267 168 51
positives/P9180050.jpg 1 229 389 205 55
positives/P9180051.jpg 1 203 342 144 64
positives/P9180052.jpg 1 195 243 173 84
positives/P9180053.jpg 1 201 273 210 51
positives/P9180054.jpg 1 184 240 205 80
positives/P9190056.jpg 1 168 259 156 56
positives/P9190057.jpg 1 154 229 163 59
positives/P9190058.jpg 1 227 251 141 40
positives/P9190059.jpg 1 255 239 163 38
positives/P9190060.jpg 1 211 225 219 59
positives/P9190063.jpg 1 204 271 223 49
positives/P9190064.jpg 1 225 238 172 41
positives/P9190065.jpg 1 261 201 163 36
positives/P9190066.jpg 1 198 294 193 48
positives/P9190067.jpg 1 211 299 227 48
positives/P9190068.jpg 1 214 254 216 46
positives/Pa140001.jpg 1 188 207 225 61
positives/Pa140002.jpg 1 283 236 175 41
positives/Pa140003.jpg 1 210 260 245 49
positives/Pa140004.jpg 1 287 242 171 73
positives/Pa140005.jpg 1 180 221 161 82
positives/Pa140006.jpg 1 179 329 189 99
positives/Pa140007.jpg 1 226 209 187 104
positives/Pa140008.jpg 1 166 204 233 115
positives/Pa140009.jpg 1 163 237 223 81
positives/Pa140010.jpg 1 312 243 173 94
positives/Pa140011.jpg 1 204 262 232 60
positives/Pa140012.jpg 1 215 221 226 52
positives/Pa140013.jpg 1 174 218 178 82
positives/Pa140014.jpg 1 203 201 241 65
positives/Pa140015.jpg 1 261 236 176 63
positives/Pa140016.jpg 1 216 253 192 46
positives/Pa140017.jpg 1 235 214 190 64
positives/Pa140018.jpg 1 225 258 206 41
positives/Pa140019.jpg 1 300 213 185 75
positives/Pa140020.jpg 1 242 272 196 42
positives/Pa140021.jpg 1 203 262 258 51
positives/Pa140022.jpg 1 178 302 110 69
positives/Pa140023.jpg 1 195 250 214 53
positives/Pa140024.jpg 1 285 199 149 107
positives/Pa140025.jpg 1 237 354 194 45
positives/Pa140026.jpg 1 205 307 252 46
positives/Pa140027.jpg 1 297 199 153 122
positives/Pa140028.jpg 1 295 207 202 89
positives/Pa140029.jpg 1 151 319 124 57
positives/Pa140030.jpg 1 208 247 186 45
positives/Pa140031.jpg 1 220 318 202 61
positives/Pa140032.jpg 1 245 274 109 73
positives/Pa140033.jpg 1 193 225 191 122
positives/Pa140034.jpg 1 241 245 173 45
positives/Pa140035.jpg 1 219 259 208 55
positives/Pa140036.jpg 1 238 194 146 93
positives/Pa140037.jpg 1 216 253 190 53
positives/Pa140038.jpg 1 188 360 220 70
positives/Pa140039.jpg 1 228 355 205 59
positives/Pa140040.jpg 1 282 309 177 96
positives/Pa140041.jpg 1 309 181 173 100
positives/Pa140042.jpg 1 195 246 198 61
positives/Pa140043.jpg 1 196 265 228 44
positives/Pa140044.jpg 1 244 174 208 100
positives/Pa140045.jpg 1 276 207 169 112
positives/Pa140046.jpg 1 177 209 182 76
